

P0 = (1)
P1 = (0, 1)
P2 = (-0.5, 0, 1.5)
P3 = (0, -1.5, 0, 2.5)
P4 = (0.375, 0, -3.75, 0, 4.375)
P5 = (0, 1.875, 0, -8.75, 0, 7.875)
P6 = (-0.3125, 0, 6.5625, 0, -19.6875, 0, 14.4375)
P7 = (0, -2.1875, 0, 19.6875, 0, -43.3125, 0, 26.8125)
P8 = (0.2734375, 0, -9.84375, 0, 54.140625, 0, -93.84375, 0, 50.2734375)
P9 = (0, 2.4609375, 0, -36.09375, 0, 140.765625, 0, -201.09375, 0, 94.9609375)

P10 = (-0.24609375, 0, 13.53515625, 0, -117.3046875, 0, 351.9140625, 0, -427.32421875, 0, 180.42578125)
P11 = (0, -2.70703125, 0, 58.65234375, 0, -351.9140625, 0, 854.6484375, 0, -902.12890625, 0, 344.44921875)
P12 = (0.2255859375, 0, -17.595703125, 0, 219.9462890625, 0, -997.08984375, 0, 2029.7900390625, 0, -1894.470703125, 0, 660.1943359375)
P13 = (0, 2.9326171875, 0, -87.978515625, 0, 747.8173828125, 0, -2706.38671875, 0, 4736.1767578125, 0, -3961.166015625, 0, 1269.6044921875)

P14 = (-0.20947265625, 0, 21.99462890625, 0, -373.90869140625, 0, 2368.08837890625, 0, -7104.26513671875, 0, 10893.20654296875, 0, -8252.42919921875, 0, 2448.52294921875)
P15 = (0, -3.14208984375, 0, 124.63623046875, 0, -1420.85302734375, 0, 7104.26513671875, 0, -18155.34423828125, 0, 24757.28759765625, 0, -17139.66064453125, 0, 4733.81103515625)
P16 = (0.196380615234375, 0, -26.707763671875, 0, 592.0220947265625, 0, -4972.985595703125, 0, 20424.762268066406, 0, -45388.360595703125, 0, 55703.89709472656, 0, -35503.582763671875, 0, 9171.758880615234)
P17 = (0, 3.338470458984375, 0, -169.149169921875, 0, 2486.4927978515625, 0, -16339.809814453125, 0, 56735.450744628906, 0, -111407.79418945312, 0, 124262.53967285156, 0, -73374.07104492188, 0, 17804.002532958984)
P18 = (-0.1854705810546875, 0, 31.715469360351562, 0, -888.0331420898438, 0, 9531.555725097656, 0, -51061.905670166016, 0, 153185.71701049805, 0, -269235.5026245117, 0, 275152.76641845703, 0, -151334.02153015137, 0, 34618.893814086914)
P19 = (0, -3.5239410400390625, 0, 222.00828552246094, 0, -4084.9524536132812, 0, 34041.270446777344, 0, -153185.71701049805, 0, 403853.2539367676, 0, -642023.1216430664, 0, 605336.0861206055, 0, -311570.0443267822, 0, 67415.74058532715)
P20 = (0.17619705200195312, 0, -37.001380920410156, 0, 1276.5476417541504, 0, -17020.635223388672, 0, 114889.28775787354, 0, -444238.57933044434, 0, 1043287.5726699829, 0, -1513340.2153015137, 0, 1324172.6883888245, 0, -640449.5355606079, 0, 131460.69414138794)

n = 20
