

Mandelbrot_ZOOM_1 =  (-0.30882352590560913, -0.7941176295280457, 0.14705882966518402)
Mandelbrot_ZOOM_2 =  (-0.23745673894882202, -0.6611158847808838, 0.010596886277198792)
Mandelbrot_ZOOM_3 =  (-0.22145327925682068, -0.6552767753601074, 0.011245667934417725)
Mandelbrot_ZOOM_4 =  (-0.21907185018062592, -0.6551279425621033, 0.005027487874031067)
Mandelbrot_ZOOM_5 =  (-0.21843601763248444, -0.65171217918396, 9.759217500686646E-4)
Mandelbrot_ZOOM_6 =  (-0.21830397844314575, -0.6516432762145996, 1.9086897373199463E-4)
Mandelbrot_ZOOM_7 =  (9.313225746154785E-9, 0.625, 0.10294117592275143)
Mandelbrot_ZOOM_8 =  (0.026340840384364128, 0.630903959274292, 0.008628904819488525)
Mandelbrot_ZOOM_9 =  (-0.6102941036224365, -0.7720588445663452, 0.20588234066963196)



mzoom = (-0.5623641610145569, -0.6429990530014038, 3.5375356674194336E-4)
mzoom2 = (-0.5621728301048279, -0.6428289413452148, 6.735324859619141E-6)
mzoom3 = (0.3529411852359772, -0.14705881476402283, 0.13970588287338614)
mzoom4 = (0.3712262213230133, -0.10062715411186218, 0.01273789256811142)
mzoom5 = (0.37197551131248474, -0.09146711230278015, 0.0016484335064888)
mzoom6 = (0.372986376285553, -0.09058471769094467, 3.2726675271987915E-4)
mzoom7 = (0.3730643689632416, -0.09038544446229935, 4.351139068603516E-6)
mzoom8 = (0.37305760383605957, -0.09040375798940659, 3.705918788909912E-5)
