
KAPPA  = 0.91596559417721901505
lambda = 1.30357726903429639125
gamma  = 0.57721566490153286060
Apery  = 1.20205690315959428539
psi    = 3.35988566624317755317
RHO    = 2.29558714939263807403

phi    = 1/2 + 2\5/2
PHI    = 1/2 - 2\5/2

